  0.050   6.91911003872D+04  -3.18637900558D+06  -2.30259309922D+00
  0.055   5.61778746490D+04  -2.08189474283D+06  -2.03824390957D+00
  0.060   4.75239153360D+04  -1.47545964278D+06  -1.86280061188D+00
  0.065   4.09779945386D+04  -1.14755162219D+06  -1.82026612776D+00
  0.070   3.59585541430D+04  -8.72399642625D+05  -1.69828783273D+00
  0.075   3.21373219905D+04  -6.67159101443D+05  -1.55697268811D+00
  0.080   2.91859753819D+04  -5.22603728251D+05  -1.43247904903D+00
  0.085   2.68390366817D+04  -4.21725502254D+05  -1.33561677778D+00
  0.090   2.49204604245D+04  -3.49906588731D+05  -1.26368423574D+00
  0.095   2.33081186795D+04  -2.97300575817D+05  -1.21174750700D+00
  0.100   2.19271350297D+04  -2.56913299227D+05  -1.17166834098D+00
  0.110   1.96652816715D+04  -1.99443291373D+05  -1.11560883884D+00
  0.120   1.78777531888D+04  -1.60293008319D+05  -1.07592720378D+00
  0.130   1.64250341280D+04  -1.31539813478D+05  -1.04110442748D+00
  0.140   1.52243774852D+04  -1.09580669842D+05  -1.00767954505D+00
  0.150   1.42173470276D+04  -9.24682183979D+04  -9.75585158941D-01
  0.160   1.33635119791D+04  -7.88134595684D+04  -9.43625713856D-01
  0.170   1.26321906056D+04  -6.78324025507D+04  -9.12866880630D-01
  0.180   1.19999339566D+04  -5.89337948809D+04  -8.84011788478D-01
  0.190   1.14480877190D+04  -5.16671783157D+04  -8.57502503559D-01
  0.200   1.09623265779D+04  -4.56813477273D+04  -8.33424317414D-01
  0.210   1.05311357652D+04  -4.06952116420D+04  -8.11497889244D-01
  0.220   1.01458475355D+04  -3.64822725322D+04  -7.91072399720D-01
  0.230   9.79925139812D+03  -3.29416087363D+04  -7.73178450223D-01
  0.240   9.48527250376D+03  -2.99248631535D+04  -7.57170355833D-01
  0.250   9.19942217175D+03  -2.73079759703D+04  -7.42111174496D-01
  0.260   8.93792669063D+03  -2.50471994123D+04  -7.28611016024D-01
  0.270   8.69752271613D+03  -2.30735443199D+04  -7.16279470571D-01
  0.280   8.47569626238D+03  -2.13278636354D+04  -7.04579498020D-01
  0.290   8.27027720363D+03  -1.97887498362D+04  -6.93899044881D-01
  0.300   8.07935355643D+03  -1.84201961593D+04  -6.83972895750D-01
  0.320   7.73511284010D+03  -1.60890226485D+04  -6.65599501125D-01
  0.340   7.43294622110D+03  -1.41860488109D+04  -6.48902393781D-01
  0.360   7.16550302782D+03  -1.26086113206D+04  -6.33465655908D-01
  0.380   6.92690774683D+03  -1.12858721184D+04  -6.19126392572D-01
  0.400   6.71275769848D+03  -1.01598630149D+04  -6.05406211352D-01
  0.420   6.51943869339D+03  -9.19528093454D+03  -5.92385046342D-01
  0.440   6.34406831400D+03  -8.36250807361D+03  -5.79991161866D-01
  0.460   6.18422615218D+03  -7.63672096929D+03  -5.68040618087D-01
  0.480   6.03802877119D+03  -6.99658440225D+03  -5.56201475737D-01
  0.500   5.90384561811D+03  -6.43405952277D+03  -5.44904113265D-01
  0.550   5.61183504012D+03  -5.30683468383D+03  -5.20107782078D-01
  0.600   5.36938032441D+03  -4.40864232384D+03  -4.92642583406D-01
  0.650   5.16685835176D+03  -3.75547722523D+03  -4.72445735922D-01
  0.700   4.99061179100D+03  -3.29609061239D+03  -4.62320758516D-01
  0.750   4.83659753612D+03  -2.87571274096D+03  -4.45930127453D-01
  0.800   4.70199100529D+03  -2.51836743290D+03  -4.28476775913D-01
  0.850   4.58374002105D+03  -2.22217476918D+03  -4.12075847480D-01
  0.900   4.47877921405D+03  -1.98568840319D+03  -3.99019348232D-01
  0.950   4.38444214969D+03  -1.79314690347D+03  -3.88530513151D-01
  1.000   4.29896074351D+03  -1.63084942012D+03  -3.79358993353D-01
  1.050   4.22096353588D+03  -1.49213191638D+03  -3.71180300158D-01
  1.100   4.14945062312D+03  -1.37123910477D+03  -3.63509088852D-01
  1.150   4.08359510837D+03  -1.26501432604D+03  -3.56246502491D-01
  1.200   4.02275310485D+03  -1.17055848062D+03  -3.49181304479D-01
  1.300   3.91402777317D+03  -1.00934094628D+03  -3.35241164908D-01
  1.400   3.81987129619D+03  -8.78562679140D+02  -3.21997170958D-01
  1.500   3.73751755467D+03  -7.71779269391D+02  -3.09742733553D-01
  1.600   3.66489413383D+03  -6.83648694006D+02  -2.98463712857D-01
  1.700   3.60028854890D+03  -6.10516342951D+02  -2.88276278115D-01
  1.800   3.54239690771D+03  -5.49209011948D+02  -2.79069863502D-01
  1.900   3.49012848945D+03  -4.97456207905D+02  -2.70811460918D-01
  2.000   3.44265523479D+03  -4.53219335978D+02  -2.63296383209D-01
  2.100   3.39927876097D+03  -4.15161830544D+02  -2.56477890002D-01
  2.200   3.35945759811D+03  -3.82063952264D+02  -2.50201310907D-01
  2.300   3.32272790766D+03  -3.53110615058D+02  -2.44423990529D-01
  2.400   3.28872235472D+03  -3.27551699106D+02  -2.39036316558D-01
  2.500   3.25712144397D+03  -3.04878501244D+02  -2.34009159997D-01
  2.600   3.22766616756D+03  -2.84620374736D+02  -2.29271844080D-01
  2.700   3.20012792484D+03  -2.66446970496D+02  -2.24805644410D-01
  2.800   3.17431753284D+03  -2.50051065795D+02  -2.20564885833D-01
  2.900   3.15006590596D+03  -2.35210235141D+02  -2.16538225634D-01
  3.000   3.12723059199D+03  -2.21716396926D+02  -2.12695920947D-01
  3.100   3.10568291885D+03  -2.09414340233D+02  -2.09031144417D-01
  3.200   3.08531287362D+03  -1.98157910390D+02  -2.05523828286D-01
  3.300   3.06602023264D+03  -1.87834924365D+02  -2.02169328110D-01
  3.400   3.04771832163D+03  -1.78339031424D+02  -1.98953001181D-01
  3.500   3.03032760197D+03  -1.69588046226D+02  -1.95872605129D-01
  3.600   3.01377849689D+03  -1.61503580985D+02  -1.92918255985D-01
  3.700   2.99800687716D+03  -1.54019474129D+02  -1.90083638106D-01
  3.800   2.98295670854D+03  -1.47072211722D+02  -1.87355854996D-01
  3.900   2.96857578620D+03  -1.40624455979D+02  -1.84746968856D-01
  4.000   2.95481636122D+03  -1.34640413006D+02  -1.82265693087D-01
  4.200   2.92899838467D+03  -1.23742053918D+02  -1.77438345195D-01
  4.400   2.90522478212D+03  -1.14264811777D+02  -1.73055515330D-01
  4.600   2.88318617288D+03  -1.06382172784D+02  -1.69728198411D-01
  4.800   2.86262685027D+03  -9.91776430977D+01  -1.66299246031D-01
  5.000   2.84352852376D+03  -9.17720039541D+01  -1.61369937363D-01
  5.200   2.82586689284D+03  -8.51243212283D+01  -1.56640948485D-01
  5.400   2.80936832643D+03  -8.01338912753D+01  -1.54028579598D-01
  5.500   2.80145795210D+03  -7.80822305329D+01  -1.53295989186D-01
  5.600   2.79375020150D+03  -7.60811066455D+01  -1.52502609928D-01
  5.800   2.77892266862D+03  -7.22267388426D+01  -1.50747298591D-01
  6.000   2.76484669842D+03  -6.85644987898D+01  -1.48791972073D-01
  6.500   2.73266352706D+03  -6.04283492805D+01  -1.43736785167D-01
  7.000   2.70416570341D+03  -5.38086761618D+01  -1.39289072654D-01
  7.500   2.67865722169D+03  -4.83751073460D+01  -1.35445962312D-01
  8.000   2.65564428995D+03  -4.38196199372D+01  -1.32004486001D-01
  8.500   2.63471721236D+03  -3.99880411080D+01  -1.29007526054D-01
  9.000   2.61555883889D+03  -3.67410298512D+01  -1.26423945714D-01
  9.500   2.59789797142D+03  -3.39646923548D+01  -1.24202174574D-01
 10.000   2.58153294110D+03  -3.15556442075D+01  -1.22236070302D-01
 10.500   2.56629150584D+03  -2.94517449761D+01  -1.20502024632D-01
 11.000   2.55204016269D+03  -2.75940758253D+01  -1.18938110190D-01
 11.500   2.53866273378D+03  -2.59444094131D+01  -1.17526721561D-01
 12.000   2.52606736559D+03  -2.44650874394D+01  -1.16220593826D-01
 12.500   2.51417316164D+03  -2.31325306151D+01  -1.15010627391D-01
 13.000   2.50291428312D+03  -2.19232963904D+01  -1.13868403324D-01
 13.500   2.49223190591D+03  -2.08217828802D+01  -1.12788086942D-01
 14.000   2.48207710006D+03  -1.98126767728D+01  -1.11752159034D-01
 14.500   2.47240561454D+03  -1.88852925749D+01  -1.10757207768D-01
 15.000   2.46317990092D+03  -1.80293514525D+01  -1.09793146528D-01
 15.500   2.45436562977D+03  -1.72372644125D+01  -1.08858107836D-01
 16.000   2.44593319361D+03  -1.65018371679D+01  -1.07946282170D-01
 16.500   2.43785528088D+03  -1.58175260539D+01  -1.07056879847D-01
 17.000   2.43010802159D+03  -1.51790925303D+01  -1.06186461970D-01
 17.500   2.42266923130D+03  -1.45824283741D+01  -1.05335261310D-01
 18.000   2.41551928432D+03  -1.40236189558D+01  -1.04501397626D-01
 18.500   2.40863984847D+03  -1.34994020916D+01  -1.03684632991D-01
 19.000   2.40201464403D+03  -1.30066154776D+01  -1.02882675877D-01
 19.500   2.39562834041D+03  -1.25431805843D+01  -1.02099318691D-01
 20.000   2.38946691367D+03  -1.21070451252D+01  -1.01336788184D-01
 21.000   2.37776798468D+03  -1.13051622543D+01  -9.98450685137D-02
 22.000   2.36682825705D+03  -1.05882844223D+01  -9.84195860417D-02
 23.000   2.35656678496D+03  -9.94524546505D+00  -9.70652082326D-02
 24.000   2.34691683612D+03  -9.36500220100D+00  -9.57682221051D-02
 25.000   2.33781827044D+03  -8.84026040347D+00  -9.45353678176D-02
 26.000   2.32922021822D+03  -8.36381342886D+00  -9.33613522026D-02
 27.000   2.32107638638D+03  -7.93013824307D+00  -9.22476028017D-02
 28.000   2.31334748079D+03  -7.53384791489D+00  -9.11872268946D-02
 29.000   2.30599750346D+03  -7.17113969847D+00  -9.01835543810D-02
 30.000   2.29899521874D+03  -6.83838048218D+00  -8.92352505968D-02
 31.000   2.29231202231D+03  -6.53182034697D+00  -8.83328398513D-02
 32.000   2.28592402049D+03  -6.24793382225D+00  -8.74630479930D-02
 33.000   2.27980870753D+03  -5.98638909891D+00  -8.66523755310D-02
 34.000   2.27394481798D+03  -5.74415430853D+00  -8.58865373274D-02
 35.000   2.26831490773D+03  -5.51839360457D+00  -8.51485724057D-02
 36.000   2.26290261077D+03  -5.30889335248D+00  -8.44579699451D-02
 37.000   2.25769242943D+03  -5.11347967237D+00  -8.38018258869D-02
 38.000   2.25267165521D+03  -4.93005496228D+00  -8.31644008719D-02
 39.000   2.24782837008D+03  -4.75847884919D+00  -8.25599843782D-02
 40.000   2.24315079190D+03  -4.59861983866D+00  -8.20028658843D-02
